       0.0
       0.0
       0.0
       0.0
       0.0
       0.0
       0.0
       0.0
       0.0
       0.0
       0.0
       0.0
       0.0
       0.0
       0.0
       0.0
       0.0
       0.0
       0.0
       0.0
       0.0
       0.0
       0.0
       0.0
       0.0
    2540.0
       0.0
       0.0
     440.0
       0.0
       0.0
       0.0
       0.0
       0.0
       0.0
       0.0
       0.0
       0.0
       0.0
       0.0
       0.0
       0.0
       0.0
       0.0
       0.0
       0.0
       0.0
       0.0
       0.0
       0.0
       0.0
       0.0
       0.0
       0.0
       0.0
       0.0
       0.0
    1550.0
       0.0
       0.0
       0.0
       0.0
       0.0
       0.0
       0.0
       0.0
       0.0
       0.0
       0.0
       0.0
       0.0
       0.0
       0.0
       0.0
       0.0
       0.0
       0.0
       0.0
       0.0
       0.0
       0.0
       0.0
       0.0
       0.0
       0.0
       0.0
       0.0
       0.0
       0.0
       0.0
       0.0
       0.0
       0.0
       0.0
       0.0
       0.0
       0.0
       0.0
    1030.0
    1390.0
       0.0
       0.0
       0.0
       0.0
       0.0
       0.0
       0.0
       0.0
       0.0
       0.0
       0.0
     920.0
       0.0
       0.0
       0.0
       0.0
       0.0
       0.0
       0.0
       0.0
       0.0
       0.0
       0.0
       0.0
       0.0
       0.0
       0.0
       0.0
       0.0
       0.0
       0.0
       0.0
       0.0
       0.0
       0.0
       0.0
    1120.0
       0.0
       0.0
       0.0
       0.0
       0.0
       0.0
       0.0
       0.0
       0.0
       0.0
       0.0
       0.0
       0.0
       0.0
       0.0
       0.0
       0.0
       0.0
       0.0
       0.0
       0.0
       0.0
       0.0
       0.0
       0.0
       0.0
       0.0
       0.0
       0.0
       0.0
       0.0
       0.0
       0.0
       0.0
       0.0
       0.0
       0.0
       0.0
       0.0
       0.0
       0.0
       0.0
       0.0
       0.0
       0.0
       0.0
       0.0
       0.0
       0.0
       0.0
       0.0
       0.0
       0.0
       0.0
       0.0
       0.0
    7700.0
       0.0
       0.0
       0.0
       0.0
       0.0
       0.0
       0.0
       0.0
       0.0
       0.0
       0.0
       0.0
       0.0
       0.0
       0.0
       0.0
       0.0
       0.0
       0.0
       0.0
       0.0
       0.0
       0.0
       0.0
       0.0
       0.0
       0.0
       0.0
       0.0
       0.0
       0.0
       0.0
       0.0
       0.0
       0.0
       0.0
       0.0
    5280.0
       0.0
       0.0
       0.0
       0.0
       0.0
       0.0
       0.0
       0.0
       0.0
       0.0
       0.0
       0.0
       0.0
       0.0
       0.0
       0.0
       0.0
       0.0
       0.0
       0.0
       0.0
       0.0
       0.0
       0.0
       0.0
       0.0
       0.0
       0.0
       0.0
       0.0
       0.0
       0.0
       0.0
       0.0
       0.0
       0.0
       0.0
       0.0
       0.0
       0.0
       0.0
       0.0
       0.0
       0.0
       0.0
       0.0
       0.0
       0.0
       0.0
       0.0
       0.0
       0.0
       0.0
       0.0
       0.0
       0.0
       0.0
       0.0
       0.0
       0.0
       0.0
       0.0
       0.0
       0.0
       0.0
       0.0
       0.0
       0.0
       0.0
       0.0
       0.0
       0.0
       0.0
       0.0
       0.0
       0.0
       0.0
    5330.0
       0.0
       0.0
       0.0
       0.0
       0.0
       0.0
       0.0
       0.0
       0.0
       0.0
       0.0
       0.0
       0.0
       0.0
       0.0
       0.0
       0.0
       0.0
       0.0
       0.0
       0.0
       0.0
       0.0
       0.0
       0.0
       0.0
       0.0
       0.0
       0.0
       0.0
       0.0
       0.0
       0.0
       0.0
       0.0
       0.0
       0.0
       0.0
       0.0
       0.0
       0.0
       0.0
       0.0
       0.0
       0.0
       0.0
       0.0
       0.0
       0.0
       0.0
       0.0
       0.0
       0.0
       0.0
       0.0
       0.0
       0.0
    2040.0
       0.0
       0.0
       0.0
       0.0
       0.0
       0.0
       0.0
       0.0
       0.0
       0.0
       0.0
       0.0
       0.0
       0.0
       0.0
       0.0
       0.0
       0.0
       0.0
       0.0
       0.0
       0.0
       0.0
       0.0
       0.0
       0.0
       0.0
       0.0
       0.0
       0.0
       0.0
       0.0
